0 0 1
0 9 16 3 7 4 3 2 4 1 15 1 2 1 2 2 6 2 6 3 16 1 14
0 18 5 1 3 2 3 2 7 1 18 2 5
0 36 4 2 15
0 41 5 1 19 1 35 2 15 2 25
0 48 4
0 65 20 1 11
0 66 1
0 68 31 2 7 1 3
0 82 1 2 2 1 5 1 27 3 15
0 100 23 1 20
0 108 21 1 4 1 9 1 8 1 1
0 113 18 1 21 1 22 1 19 1 7 1 5
0 120 38 1 4 6 33 1 6 2 2 1 1 1 6 1 23
0 128 1 1 6 1 24 2 1 1 13
0 133 5 1 8 1 10 1 11 1 26 4 4 4 2
0 138 8 1 14 2 11 1 27
0 146 4 1 7 1 45 3 9 1 4 1 5 1 1
0 176 9 3 7
0 200 20 1 6 1 10 1 4 3 15
0 201 13 1 39 1 17
0 208 12
0 213 45 1 3 4 15
0 214 11 2 16 1 15
0 233 13 1 12 2 27
0 251 13
0 257 44 2 22 3 18 1 30 1 22
0 271 9 1 23
0 286 5 1 7 1 25
0 306 32 3 8 1 3
