0 0 8 1 8
0 20 1
0 28 26 3 34 1 30 2 2 2 4 5 2
0 35 6 1 14
0 40 11 2 18
0 68 3 1 1
0 70 1 1 2 1 6 1 12 1 24 1 19
0 78 15 3 6 1 14 1 7 2 9 3 1 4 11 1 3
0 91 19 2 4
0 97 4 2 1 2 8 1 5 1 2
0 124 2 2 4
0 130 4 1 12
0 145 5 1 6 2 21 1 28 2 21 1 2 2 1 1 10
0 157 11 1 5 1 8 2 5 4 12 1 3 1 2 4 2 2 2 2 1 1 6 2 3
0 195 2
0 220 1 1 8 2 2 3 11
0 223 2 1 15 4 32 3 1 2 17 1 4 2 2 1 11 1 14
0 225 1
0 232 1 4 1
0 235 11 1 25
0 245 9 4 4 3 18 2 14 1 2
0 254 18 1 15 1 14 1 3 1 4 2 7
0 258 19 2 1 1 1 1 31 1 7 4 8
0 296 16 1 4
0 303 5 3 25 1 16 3 4
0 327 16 1 20
0 342 9 3 31 1 9 4 16 1 7 2 6 1 1
0 373 1 1 7
0 377 20 1 21 2 7
0 386 1
