0 0 3 2 13
0 24 20 1 14 1 11 1 2 2 4 1 5
0 29 1 1 17 2 5 1 1 2 11 1 8
0 40 4 1 24
0 114 22
0 126 1 1 7 2 11 1 10 1 29 1 8 2 6
0 136 4 3 5 1 3 1 8
0 143 1 1 39 1 13 1 3
0 183 25 2 9
0 191 1 1 7 1 7
0 200 6 1 17 1 17 1 13 2 1 1 17 1 3
0 203 2 1 6 1 3 1 12 1 5 1 8
0 232 4 2 10 1 3
0 240 4 1 14 2 25 1 13 1 14 1 3 3 26 1 16 1 36 1 1
0 265 15 2 6 1 11
0 283 11 2 1 1 20 2 9
0 287 43 1 9 1 7 1 2 1 4 2 5 2 13 4 7
0 298 8 1 11 2 1 1 14
0 320 3 2 1 1 13 2 14 1 20 1 33 1 7 2 6 1 14 3 3 1 19 1 6 1 19
0 327 9 1 1
0 330 10 1 11 1 3 3 6
0 331 11 1 12
0 340 7 2 12 1 9
0 348 2 1 6 1 2 2 12 1 2
0 411 2
0 463 3 2 2 1 7 2 2 1 30 4 15
0 466 1 2 5 1 2 1 9
0 472 1 2 48 1 12
0 484 7 2 3
0 494 3
