0 0 31 2 7 1 3 1 10
0 1 6 1 1 1 15 1 4 1 13 1 5 1 8 3 15 1 2 2 9
0 7 3 1 27 1 18 1 4 2 4 2 34 2 12
0 9 16 1 6
0 11 9
0 13 30 1 2 4 3 2 10 2 4
0 52 17 1 1 1 5 1 4
0 59 19 1 3 2 18 1 5 1 24
0 60 16 2 5 1 2 1 11 1 1
0 68 26 2 42 2 15 1 8 2 5 1 15 1 21 1 4 1 17
0 69 2
0 81 7 1 15 1 11 1 15 1 4 1 11
0 99 1 1 11
0 106 20 4 11 2 4 1 5
0 137 1 2 1
0 143 13 2 14 1 23 1 21 2 3
0 147 17 1 14 1 1
0 159 3
0 172 5 2 8
0 204 3 2 2
0 210 2 2 1
0 214 16 1 3 1 13 1 42 5 13 1 6 1 2 1 34 1 4 1 16 3 8 2 6 2 1 1 35 1 7 1 6
0 237 15 1 10 1 6
0 243 7 1 19 3 2 3 5
0 250 10 1 6 1 17 4 11 1 7 1 3 1 6 2 6 1 10
0 256 19 1 6 1 4 2 4 1 10
0 257 4 5 20 2 15 1 9
0 269 3
0 273 15 1 7 1 38
0 303 2 1 3
