0 0 4 1 15 1 37 2 3 1 6 1 11 2 3 1 5 1 1 1 10
0 18 2 1 6 1 15 1 3 1 6
0 22 4 2 9 5 12
0 42 8 2 4 1 6 2 10 3 6 2 14 3 4 2 9 1 12 1 3
0 60 13 1 25 1 4
0 68 9
0 74 16 1 8 2 22
0 80 4
0 95 7 1 23 1 1
0 112 13
0 127 22 2 33 2 2 1 3 1 2 2 2 1 11 1 9
0 153 2
0 168 8 1 6
0 170 15 3 11 1 3 1 3 1 2 3 4 1 1 1 3 1 23 1 28 2 3
0 172 34 1 3 1 3 2 6 1 40 1 9 1 7
0 184 3 2 8
0 194 11 1 18
0 196 12 1 2 8 13 1 5 1 18 1 2 2 6 1 13 1 1 1 1 1 9 1 8
0 223 1
0 224 3 3 10 2 5 1 28 1 7 1 1 2 27 4 16 1 4 1 21 1 28 3 3
0 227 9 1 5 1 20
0 232 12 1 2 1 22 1 9
0 245 6 3 4 3 36
0 250 6
0 278 1 2 5 1 1 2 46
0 288 15 1 5 1 10 1 8 1 5
0 290 25 1 4 2 8 4 4 2 2 1 12
0 295 12 1 1 1 13 1 9 1 17 3 6 1 6 1 28 1 32 2 20
0 333 11 2 1 2 10
0 336 12 1 17 2 4
