0 0 13 2 3 1 1 1 4 3 1 1 1
0 4 6
0 9 2 2 1 1 1
0 37 6 1 1 2 4 3 2 1 1
0 39 8 1 2 2 2 2 14 2 5 1 1 2 1 1 1 1 4 2 1 3 4 1 15 1 5 1 5
0 52 13 2 4 1 2
0 55 2 2 3 2 3
0 68 8 1 2
0 97 6 1 7 2 2
0 99 4 2 3 1 11 1 11 2 17 2 6
0 108 5 1 2 2 1
0 119 2 1 7 1 1 1 8 1 3 1 6 1 5 1 6 1 2 1 5 1 6
0 129 5
0 136 8 4 5 2 2 1 2 1 11 1 8 1 6
0 152 8 2 4 3 1
0 166 1 1 2 2 4 2 4 1 1 1 2 1 5 1 5 1 2 3 2 2 1
0 172 1 2 1 6 2
0 177 2 1 6 1 17 5 6 1 3 1 1 1 14 1 2 1 7
0 187 8 1 6 1 2 4 3 1 1 1 3 2 6 1 4 1 3 1 2 1 3 2 12 1 12 1 11 1 4 1 3
0 207 14 2 1
0 218 1 1 3 2 3 1 4
0 224 8 1 3 1 2 2 2 1 4 2 1 1 17
0 248 6 1 4 1 4 1 4 1 6 1 3 1 15 1 10 1 1 1 3 1 7
0 253 2 3 9 2 3 1 3 2 5 2 1 3 2 2 1 2 3 2 16 1 1 3 1 2 2 1 5 2 1 1 10 1 1 1 2 1 11 1 6 1 2 2 1 1 2 2 3 1 3 1 5 1 12 1 6
0 256 8 3 8
