0 0 9 1 7 1 2 2 3 4 1
0 13 8 1 25 1 29
0 15 9 4 7 2 23
0 56 12 1 2 2 2 2 7
0 62 9 1 7 1 6
0 67 8 2 18
0 71 3 1 7 1 12 1 11 4 24 1 2
0 107 7 1 12 1 13 3 12 2 5
0 118 3
0 133 4 1 12 1 12 1 16 1 21 1 3 1 11
0 134 22 2 13
0 151 2 1 29
0 153 37
0 155 3 1 6
0 158 1 1 3 1 4
0 189 41 1 16
0 201 6
0 204 11 1 6 2 2 1 9
0 215 6 3 2 1 10 1 4 1 10 3 27 1 1
0 249 16 1 4 1 11
0 252 20 1 20 2 6 1 41 1 5 1 5 2 2
0 259 4 4 4
0 267 4 1 9 1 25 1 8 1 2 2 32
0 273 18 3 16
0 277 8 1 5 1 7
0 282 1 1 5 3 19
0 287 1 1 7 1 1
0 321 21 2 2 1 6 1 16
0 338 2 2 5
0 354 3
0 370 2 1 5 1 2 2 4
0 393 13
0 454 1
0 457 1 1 11 3 2 1 4 1 1 2 1 1 3
0 469 6 1 7 3 46 1 15 2 5 1 2 1 2 1 8 4 25 2 11
0 475 19 1 16 1 16 1 1 1 17 1 37 1 14
0 480 18 3 2
0 491 17 1 12 2 4 1 28 1 1 2 9
0 497 1 1 10 1 3 1 16 1 12 2 15 3 27 1 6
0 523 8 1 5 1 35 1 14
0 524 5 1 11
0 526 10
0 528 8 1 9 1 8 1 7 2 23
0 537 1 2 2
0 549 11 2 6 1 6 3 11 2 5
0 566 22 2 5 4 2 1 48 1 7
0 587 24 1 3 2 18 1 34
0 646 1 2 18 1 2
0 652 20
0 700 14 2 7 1 10 1 5 1 9 1 13
0 713 1 2 20 1 49 1 1
0 723 9 2 4
0 729 2 1 4 2 14 1 7 1 29
0 736 13 2 8 2 4 1 13
0 753 28
0 754 10 1 15 1 21 1 3
0 775 3
0 783 4 3 7 2 6 3 1 2 14 4 6 1 4 1 8 2 2 1 13 1 15
0 807 3 2 15 2 10 1 20
0 830 1 2 36 1 4
0 832 5 1 7 2 11 5 17 1 8 2 1 2 1 1 11 1 20
0 887 6 1 1 1 9 1 1 1 14
0 900 6 2 8
0 903 5 2 2 1 20
0 911 33 1 15 2 3 1 10
0 917 16 1 2 1 24 1 14 1 7 2 1
0 933 7 3 9
0 934 17 1 9 1 15
0 953 5 3 19 1 3
0 985 1 1 6 2 8
0 1001 4 2 7
0 1017 15 1 9 1 6 1 6
0 1031 30 1 20 1 1
0 1036 20 1 1 1 4 1 5 1 22 1 8 1 15 1 14 3 1
0 1058 1 1 6 2 26 1 4
0 1102 2 2 4 2 10 1 2 1 15 1 5 1 37 1 18 1 6
0 1112 3 1 3 1 22
0 1137 7 3 1 2 1 1 21 1 46
0 1141 2 1 1
0 1142 2 2 8
0 1152 2 1 4 1 16 2 13 1 1 1 24
0 1163 3 1 3 1 5 3 5
0 1169 2 2 3 1 1 3 3 1 9 2 8
0 1184 65 2 14 1 14 1 1 2 1 1 11
0 1237 2 3 21 9 12 2 8
0 1241 10 1 27 1 8 1 4
0 1243 13 2 9
0 1262 34 2 2 5 1 1 11 1 3 2 15 4 3 1 10
0 1264 8 2 12
0 1278 27 1 34
0 1295 4 1 1 1 15
0 1304 7 2 1 3 2 1 1
0 1307 6
0 1320 4 1 2
0 1335 6 2 1 4 4 2 8 3 1 1 6 1 4 1 14 1 6 1 4
0 1340 4 1 23
0 1343 4 1 18 1 2
0 1360 25 2 1 3 18 1 15
0 1361 6
0 1373 7 1 13 2 1
0 1397 2 1 1 3 4 1 3
0 1402 1 1 24
0 1419 1 1 7 2 16 1 20
0 1420 5 1 13
0 1460 26 3 4 2 24 2 1 1 3 3 13 2 19 1 7 1 1 2 14 1 2
0 1469 13 1 14 1 3 3 4 1 15 1 6
0 1473 2 1 3
0 1478 4 1 4 2 5 2 12
0 1494 8 1 9 3 3 1 8
0 1535 1
0 1559 58
0 1585 24 1 16
0 1590 1 1 73 1 1
0 1621 1 1 14
0 1632 11
0 1654 6 2 1 1 3
0 1662 33 1 10 1 7 2 3 1 18 1 47 1 24
0 1672 10 4 23 1 2 2 8 1 1 1 4 1 4
0 1673 23 1 22 1 40 1 4 1 12 1 3 3 27 1 4 1 7 1 2 4 8 1 5 2 4 4 14 1 30 1 1 3 3 1 24 6 22 3 2
0 1685 18 2 18
0 1701 6 1 6 1 25 1 16
0 1739 27 1 1 1 1 1 41
0 1817 37 4 10 1 12
0 1823 8 1 7
0 1827 8 1 2 2 16
0 1852 22 1 4
0 1865 3 3 5 1 10
0 1870 3 2 9 1 2 1 2 2 3 2 6 1 11 4 2 1 1 1 44 1 2
0 1874 12 2 7 1 3 1 2 2 7
0 1875 14 4 7 2 5 1 5
0 1900 16
0 1905 2 3 3 4 2 1 2 1 26 2 37
0 1921 25 2 29 5 17 1 14 3 5 1 5 1 1 1 5 1 15 4 12
0 1925 5 2 4 1 18
0 1930 8 2 11 3 17 1 2 1 2
0 1975 29 3 13 1 2 1 37 2 11 2 3
0 1976 1 1 3 1 21 1 2
0 1980 3 1 6 3 5
0 1987 6
0 1996 11 2 2 1 6 3 3
0 2006 29 1 5 1 2 2 7 1 13
0 2008 1 3 9 2 10 1 8 1 6 1 1 2 25
0 2022 18 1 11 1 44
0 2032 18 3 5 2 8 1 3 1 7 1 14
0 2034 8 1 1
0 2043 7 3 1
0 2049 3 1 3 1 5 1 4 2 25 3 26 1 12
0 2062 10
0 2074 16 2 2 1 21 1 2 1 7 1 32 3 5 1 13 2 5
0 2093 5 1 30
0 2095 3 1 2 1 3 1 23 2 2 1 40 1 6 1 41 1 1 1 38 1 1 1 5 2 11 2 3 1 6 1 21 1 28 1 12 4 10 1 43 1 1 1 1
0 2098 5 2 1
0 2115 2 1 34
0 2120 17 1 5
0 2137 10 2 4 2 1 1 8 4 6 4 14 1 11 1 37
0 2161 31 1 7 1 25
0 2167 13 1 62 2 4 1 43 1 6 1 13 1 17 1 19 1 9 2 1 1 22 2 9 5 5
0 2168 10 1 22 2 30 1 5
0 2209 7 3 9 1 19
0 2215 51 1 3 1 2 1 4 2 9
0 2216 2 2 1
0 2230 15
0 2236 11 1 3 1 8 3 2
0 2242 32 2 3 2 4 1 24 1 4 2 5 1 20 1 2 4 3 1 3 1 7 1 7 1 4 1 2 1 21
0 2264 1
0 2269 5 1 12 3 18
0 2274 1 3 9 2 43 1 1 1 16 1 9 1 9
0 2299 4 1 6 1 4
0 2306 5 1 20 1 11 1 15 2 1 1 9 1 2 1 5 2 3 1 4
0 2311 22 1 12
0 2335 1 1 2 1 4 1 3 1 7 2 22 1 6 3 19
0 2344 6
0 2367 17 5 6 1 2 1 4 1 3
0 2379 21 1 7
0 2385 7 1 38 1 8 1 1 2 9 1 8 1 8 1 11 2 8 1 1 1 3 2 6 1 26 1 20 1 16 1 7 1 12 2 3
0 2389 21 1 8
0 2391 6 1 48
0 2407 16 2 1 4 3 1 3 3 14 1 3 1 12 1 2 1 31
0 2413 15 2 50 1 3 1 3 1 14 6 11 3 1
0 2414 2 1 2 3 10
0 2418 1
0 2441 1 1 23 1 10 1 3
0 2447 4 2 33 1 33
0 2499 11 1 33 1 30 1 17 1 2 1 9
0 2508 14 1 13 1 11
0 2519 4 2 5 4 15 2 5 1 3 2 29
0 2536 4 2 4
0 2538 6
0 2578 12 2 20 1 8 2 5 2 15
0 2586 11 1 10
0 2595 8
0 2596 3 1 11 3 8 1 14 2 7 1 8 2 11 1 3 4 14 1 19
0 2605 27 1 1 1 1 2 44 1 5 1 20
0 2614 7 2 2
0 2616 4 2 6 2 3
0 2617 10 1 12 2 2 1 1
0 2636 17 2 10 2 62 2 27
0 2638 22
0 2680 7 3 12 2 5 1 20 3 10
0 2720 2 1 3
0 2724 6 1 3
0 2752 23 1 6 1 1 2 4 1 1 1 13 1 12
0 2769 4 1 5 1 25
0 2777 5
0 2780 5
