0 0 4 1 15 1 37 2 3 1 6 1 11 2 3 1 5 1 1 1 10
0 18 2 1 6 1 15 1 3 1 6
0 22 4 2 9 5 12
0 42 8 2 4 1 6 2 10 3 6 2 14 3 4 2 9 1 12 1 3
0 60 13 1 25 1 4
0 68 9
0 74 16 1 8 2 22
0 80 4
0 95 7 1 23 1 1
0 112 13
0 127 22 2 33 2 2 1 3 1 2 2 2 1 11 1 9
0 153 2
0 168 8 1 6
0 170 15 3 11 1 3 1 3 1 2 3 4 1 1 1 3 1 23 1 28 2 3
0 172 34 1 3 1 3 2 6 1 40 1 9 1 7
0 184 3 2 8
0 194 11 1 18
0 196 12 1 2 8 13 1 5 1 18 1 2 2 6 1 13 1 1 1 1 1 9 1 8
0 223 1
0 224 3 3 10 2 5 1 28 1 7 1 1 2 27 4 16 1 4 1 21 1 28 3 3
0 227 9 1 5 1 20
0 232 12 1 2 1 22 1 9
0 245 6 3 4 3 36
0 250 6
0 278 1 2 5 1 1 2 46
0 288 15 1 5 1 10 1 8 1 5
0 290 25 1 4 2 8 4 4 2 2 1 12
0 295 12 1 1 1 13 1 9 1 17 3 6 1 6 1 28 1 32 2 20
0 333 11 2 1 2 10
0 336 12 1 17 2 4
0 347 29 1 9
0 350 8 1 1 2 10 1 3 1 12 1 1 1 6 1 8 2 4 1 18
0 353 13
0 363 2 1 1 1 6 2 15
0 369 9
0 370 3 2 10
0 395 6 4 13 2 30
0 435 2 1 3
0 455 24 1 1 3 5
0 463 25 2 1 1 32 1 6 1 15 1 24
0 472 6
0 515 8 1 22
0 534 13 3 16 1 1 1 1 1 5 2 2 2 7 1 1
0 553 4 3 13
0 561 15 1 4
0 600 8 1 1 1 3
0 606 3 2 53 2 4 2 2
0 655 15 1 5 1 34
0 659 15 1 18 3 11 1 11
0 661 5 1 5 1 3
0 673 4 2 28 1 4 1 6 3 14
0 676 2 1 3 1 6 1 5
0 684 16
0 754 18 2 8
0 777 6
0 784 12 2 5 1 7 1 7 1 1 1 9 2 4 1 8
0 843 1 2 8 1 4
0 845 2 1 12 1 5 2 7
0 855 7 1 3 4 4 1 11
0 887 1
0 893 5 5 1
0 895 11 1 7 1 2
0 900 3 1 12
0 908 20 3 2
0 913 3 4 2 3 17 2 1 1 5 2 2 2 40 2 22 1 4 1 6 2 26
0 923 3 1 18
0 938 5 2 17
0 952 16 2 6 1 10 1 17 1 21 2 8
0 957 12 1 1 5 5
0 964 1 1 33
0 965 6 6 5 1 5
0 974 25 1 10
0 982 8 1 40 2 3 3 4
0 993 29 4 7
0 1010 4 1 10 2 7 1 6 1 1 1 2 3 5 3 2
0 1011 8 1 5 1 2 2 45 2 7 1 22 1 14 1 4 1 1 1 5 1 5 1 6
0 1012 11
0 1020 14
0 1038 10 2 3
0 1045 7
0 1052 4 1 14 2 22 3 1 2 12
0 1056 7 3 15 1 5 1 4 1 4 3 12 3 1 3 8 1 1
0 1057 9 2 16 1 1 1 12 5 17 1 1 1 15 3 38
0 1070 8 3 10 2 9 2 18 1 27 1 16
0 1085 9 2 38
0 1105 4
0 1107 2
0 1112 13 1 17 2 3
0 1130 2 3 9 1 2 2 8 1 10 1 13 1 14
0 1158 4 1 2
0 1167 8 1 4 1 2
0 1188 4 6 12 4 18 1 20 1 9
0 1192 1 1 7
0 1209 40 2 10 1 1 1 19
0 1210 32 1 12 1 2 4 7
0 1217 6 1 5
0 1241 15 1 13
0 1255 14 3 15 2 8 2 2 1 2 2 4
0 1269 13
0 1272 19 1 3 1 3 1 5
0 1310 25 1 1 1 14 1 1
0 1337 12 1 12 2 26 1 7 2 26 1 39 1 29
0 1346 14 1 4 1 12 1 5 1 11 1 24 1 9 1 1 1 7
0 1347 4 2 38 2 9 1 4 1 1 1 29 2 2 1 8 1 14 1 6 1 11 2 30
0 1352 16 1 29
0 1356 30 3 11 1 2 2 4
0 1385 3 2 2 1 13
0 1402 4 2 14 1 2 3 1
0 1406 21 1 7 2 2 1 12
0 1409 17 1 20 1 3 1 10 1 4
0 1412 35 1 12 1 14
0 1414 1 2 12 1 6 1 8 1 11 3 4 1 11
0 1422 11 1 4 3 6
0 1447 19 1 8 2 14 1 19 1 11
0 1453 12 1 42 1 5 3 1 6 2 1 6
0 1488 6 1 56 1 10 1 2 1 8 1 3
0 1495 6 2 7 1 3 1 2 2 11 1 24 1 13
0 1496 9 2 2 1 4
0 1498 15 1 5 2 5 1 13 5 33 2 36
0 1502 9 1 5 2 24 1 18
0 1504 1
0 1515 3 2 4 1 3
0 1529 9 2 11 1 13
0 1530 3 2 6 3 3 1 5 3 38 4 31
0 1548 1 1 5 1 14 1 15 1 7 1 15 1 2 1 13 1 5 1 6 4 8 2 2 1 1
0 1553 20 1 8 1 13
0 1568 16
0 1575 6 3 9
0 1581 27 1 43 1 3 1 6
0 1585 14 1 4 1 3
0 1632 1 2 5 1 5 2 2 2 10
0 1633 25 1 19 1 14
0 1646 7
0 1650 6 1 4 1 16
0 1729 3 3 1
0 1736 13 3 2 1 2 1 4 4 39
0 1750 21 1 45
0 1759 1 1 1 2 10 2 3 2 10 1 17 2 8 1 11 1 28 1 4 1 9 2 17 1 3
0 1766 2 1 7 1 11 1 6 1 1 1 13 2 2 2 7 1 3 1 15 5 11 1 16
0 1776 18
0 1797 8
0 1799 16 1 7 1 6 1 19 1 11 1 1
0 1812 6 1 3
0 1823 1
0 1840 10 1 4 1 12
0 1874 13 2 10
0 1883 7 2 1 1 1 1 20
0 1885 7 2 14
0 1902 28 1 3
0 1917 6 3 5 1 7 3 1 2 1
0 1918 16 1 4 2 21
0 1919 5 1 6 2 9 2 20 3 4 1 3
0 1924 2
0 1934 17 2 91
0 1949 13 1 2 1 7 1 28 2 14 1 15 1 15
0 1953 8 1 19
0 1955 7 2 7
0 2011 20
0 2013 2
0 2017 7 1 6 2 34 1 10 5 13
0 2042 19 1 15 1 6 9 7 1 18 4 24 4 5 1 8 2 9 1 9 2 1 6 2
0 2050 17
0 2061 24
0 2115 4 2 1
0 2128 13 1 18
0 2162 22 1 1
0 2174 6 1 3 1 4 1 17 1 1 4 4
0 2184 2 1 29
0 2250 1 2 8
0 2269 11
0 2289 1 7 1 4 14 3 12 1 1 1 1 2 17 1 17 1 9 2 8 2 1 1 14 1 6 1 12
0 2292 1
0 2303 1 1 13 2 16
0 2325 15 7 3
0 2326 15 1 3 1 1
0 2349 2
0 2352 1 1 10 1 8 4 10 1 17 1 31 1 1 1 9 1 2 1 36
0 2355 15 1 2
0 2359 8 1 11 1 4 1 41 1 1 1 5 2 5
0 2379 5 2 21 4 21 1 4 1 5 2 7 1 3
0 2384 4
0 2406 5 1 16 1 17 2 2 1 2 1 6
0 2444 11 1 21 1 4 2 15 3 5 3 16 2 1 1 8 2 6
0 2449 1 1 1 1 2 4 18 4 8 1 9 3 2
0 2458 2 1 33
0 2477 11 1 3 2 7 2 9 1 15 1 2 1 16 1 7 1 13 1 6
0 2483 3 1 2 1 10 1 1 1 2
0 2509 6 1 22 1 9 1 28 2 9 1 26 2 7 1 8 1 8 1 3 7 18 1 13 1 11 1 27 1 1
0 2512 8 2 3
0 2539 2 1 28 4 13 1 32 3 4 1 4
0 2545 8 1 1 1 27 2 11
0 2554 2
0 2567 88 1 12
0 2577 2 1 6 1 5 1 20
0 2583 7 1 12 1 18
0 2585 6 1 15
0 2602 13 1 31 4 16
0 2609 11 2 13
0 2619 12 1 16 2 6 3 40 1 6 1 6 2 8
0 2630 1 2 9 1 3 2 4 1 1 1 6 1 1 1 5 2 15
0 2631 29 1 20 1 16
0 2632 6 2 15 1 1 1 6 4 19 1 6 2 15 1 1
0 2641 33
0 2652 2 2 4 1 13 2 5 1 18 1 2
0 2658 2
