0 0 3 2 13
0 24 20 1 14 1 11 1 2 2 4 1 5
0 29 1 1 17 2 5 1 1 2 11 1 8
0 40 4 1 24
0 114 22
0 126 1 1 7 2 11 1 10 1 29 1 8 2 6
0 136 4 3 5 1 3 1 8
0 143 1 1 39 1 13 1 3
0 183 25 2 9
0 191 1 1 7 1 7
0 200 6 1 17 1 17 1 13 2 1 1 17 1 3
0 203 2 1 6 1 3 1 12 1 5 1 8
0 232 4 2 10 1 3
0 240 4 1 14 2 25 1 13 1 14 1 3 3 26 1 16 1 36 1 1
0 265 15 2 6 1 11
0 283 11 2 1 1 20 2 9
0 287 43 1 9 1 7 1 2 1 4 2 5 2 13 4 7
0 298 8 1 11 2 1 1 14
0 320 3 2 1 1 13 2 14 1 20 1 33 1 7 2 6 1 14 3 3 1 19 1 6 1 19
0 327 9 1 1
0 330 10 1 11 1 3 3 6
0 331 11 1 12
0 340 7 2 12 1 9
0 348 2 1 6 1 2 2 12 1 2
0 411 2
0 463 3 2 2 1 7 2 2 1 30 4 15
0 466 1 2 5 1 2 1 9
0 472 1 2 48 1 12
0 484 7 2 3
0 494 3
0 495 4 1 16
0 508 18 1 4 1 5
0 524 29 3 4
0 547 8 1 11 1 1 1 17 1 3 2 3 1 32 3 6 1 3 1 4
0 553 28 3 6
0 557 12 1 11 1 26 1 7 4 8 1 3 2 5 2 4 1 2 1 12 1 1 2 7 2 14 1 7 1 2 1 4 2 5
0 560 14 3 25
0 591 20 3 18 1 11 2 3 3 20 1 2 1 1 1 1 3 19
0 615 35 1 2 1 6 1 6 1 1 1 9
0 629 32 1 2
0 664 6 1 1 2 27 1 2 1 18
0 681 10
0 683 7 1 22
0 687 4 3 3 3 10 1 5 1 6 1 27
0 691 13 1 5 2 1 1 4
0 693 6 2 18 1 6 1 3
0 703 4 1 2 5 12 1 1
0 704 7 1 2 1 2 2 1 1 8
0 706 1 3 2
0 730 23 3 10
0 732 7 1 7 2 7 1 5 1 5
0 743 5 1 19 2 3 2 13 1 4
0 750 8 1 9 2 3 1 7
0 756 33 2 15 1 35 2 8 1 6 1 2 1 5 2 8 2 3 1 30
0 760 3 1 6 1 8
0 763 5 1 36 2 4 1 14 2 20 2 9 1 8 2 8 1 13 1 23 4 4 1 32 2 22
0 789 7 1 11
0 807 2
0 829 2 1 4 1 6 2 5 1 10 2 65 1 1 1 3 1 1 1 10
0 837 31 1 20 1 22 2 33
0 842 2 1 32
0 844 11 1 2 1 1 2 2 1 2 1 1 1 3 2 14 3 13 1 13 1 3 1 22 1 3 3 12
0 846 9 1 4 1 14 1 18 3 3 5 6 1 9
0 852 7
0 867 23 1 7 3 10 1 10
0 879 12 1 20 1 17 1 1 3 19 1 49 1 6 1 3 2 4
0 881 24 2 13 1 24 3 10 1 51 1 35
0 889 9 2 12 5 1 1 2 1 5
0 909 1
0 927 6 5 16 2 10 1 24 3 13 1 15
0 930 5 1 1 1 2 1 7
0 934 4 1 6
0 943 4 2 1
0 966 3 1 3 1 12 6 14 2 22 2 8 1 2 1 36 1 5 1 11 2 9
0 977 3 4 18 5 19 1 13 1 37 3 7
0 988 23
0 994 4 1 13
0 1002 8 1 5 1 7 1 3
0 1034 11 1 12
0 1037 14 2 18 3 7 1 9
0 1046 23 1 6 1 20 5 5 1 13 1 2 1 5
0 1049 13 3 11 3 8
0 1051 2 1 7
0 1053 17 1 40 1 79
0 1077 1 2 8 1 10 2 16
0 1089 4 1 7
0 1101 26 1 17
0 1103 1 1 9 5 1 1 3 1 3 3 1 2 10 1 12
0 1106 1 1 1
0 1109 17
0 1140 3
0 1145 7 1 1 2 3 2 7 1 36 1 3 1 3
0 1155 1 3 4 1 35 5 12
0 1156 13 1 3
0 1220 4 2 4
0 1221 8
0 1225 13 3 7 4 5 2 31 3 3 3 21 1 14
0 1227 23 2 5 1 7 3 2
0 1230 12 2 11 1 7
0 1234 11 1 7
0 1259 6
0 1284 24 1 19
0 1287 5
0 1294 5 1 1 1 1
0 1295 7 3 6 4 1 2 13 2 18
0 1334 4 8 36 4 25 1 8
0 1336 10
0 1339 1 2 14
0 1343 8
0 1346 3 1 23 2 9 3 6
0 1350 8 1 13 1 10
0 1351 13 1 1 1 29
0 1353 4 2 10 1 3
0 1379 2
0 1390 2 1 11 1 2
0 1402 16 1 8 2 21 2 9
0 1415 3
0 1417 22 2 1 1 28 1 12 3 1 2 14 1 4
0 1421 2
0 1433 16
0 1434 16 1 1 1 5 2 6
0 1438 4 2 27 3 11
0 1468 2 1 14 1 10 1 24 1 5 1 6 1 4
0 1488 10 1 38 1 5 1 27 3 59 1 7 1 2
0 1499 10 1 3
0 1516 2 2 9 1 2
0 1520 14 1 3 1 19 1 1 1 2 1 7 1 21 1 16
0 1531 12 1 12 1 8 2 1 2 5
0 1535 1 2 7 3 43 1 2 1 4 2 3 2 3 4 6 1 21
0 1538 10 1 9 1 11 1 8 1 6 2 4 2 5 1 4
0 1543 2
0 1544 3 1 11 1 6 1 23 2 15 1 3
0 1571 2 3 10 2 8 1 2
0 1572 15 1 25
0 1585 2 2 4 1 3
0 1594 24 4 2 2 1 1 2 1 3 1 3 1 17 1 13
0 1597 7 1 4 2 21 1 2 3 30 1 11 2 5 1 11 2 5
0 1617 4 1 21 1 9
0 1632 2 2 8
0 1648 13 4 26 2 8 1 7 1 12
0 1675 14 2 3
0 1678 9 2 19 2 7 1 2 1 9 1 12
0 1706 25 1 2
0 1709 9 1 12 1 9 1 11 1 1 1 1 3 12 3 6
0 1739 14 4 1 1 7 3 47 1 15 1 20 1 3 2 1 1 12 2 4
0 1750 16
0 1775 7 1 3
0 1809 4 1 1
0 1810 11 3 12 1 16 3 1 1 11 1 27 1 1 7 7 2 5
0 1821 6 1 10
0 1823 9 1 9 1 13 1 7 4 3
0 1849 1 1 9 1 15
0 1857 4 1 1 2 7 2 2
0 1861 4
0 1882 7 2 12 1 16 1 19 1 2 2 12 3 29
0 1906 1 2 6 3 9 1 12 1 12 1 3 1 7 2 16 1 55 1 7 4 2 1 10 1 6 1 8 2 20 1 9 1 2 1 18
0 1911 21 1 7 1 1 3 8
0 1914 14 4 6 3 12 2 8 1 6 2 28
0 1920 2 1 11 1 6
0 1933 4 2 1 1 24 1 2
0 1946 41 2 22 1 6 1 3
0 1951 2 1 12 1 6
0 1967 13
0 2015 4 1 2
0 2024 2
0 2025 10 3 11
0 2026 2 6 18 3 26 1 17 2 5 1 11 2 3 1 12 2 4 2 8
0 2029 1 3 10 1 4 2 9 4 8 3 5 1 9 2 2 2 35
0 2031 13 1 6 1 20
0 2045 7 1 18
0 2063 4 1 38 5 7 2 10 1 1 1 19
0 2064 5 1 12
0 2065 31 1 4
0 2069 1 1 1
0 2077 2 1 80 3 23
0 2082 1 1 2
0 2098 15 1 4 1 6
0 2122 8
0 2127 21 1 4 1 1
0 2134 3 2 7
0 2136 2 1 4 1 12 1 30 1 1 2 1
0 2143 3 2 6 1 18 2 3
0 2171 9 2 8
0 2178 19 2 13 2 2 2 6 1 7 1 7 2 13 3 8 2 3
0 2183 1 1 17 1 5 2 4
0 2189 17 1 8
0 2196 7
0 2197 9 4 11 2 21 1 5 1 14 1 3 1 14 3 1 1 12 1 1 2 6 2 4 1 7 3 14 2 13
0 2202 2 1 19
0 2223 7 1 9 3 56 4 6 1 1 3 9 1 5 3 2 1 9 1 10
0 2248 7 1 9 1 6
0 2252 7 1 9 1 4 4 14 3 14 2 1
0 2262 13 1 25 1 16
0 2265 9 2 1 1 6 1 34 1 1 1 10
0 2272 5 2 19 1 3 4 6 1 8 1 29 5 6 2 6 1 7 1 3
0 2280 18 3 13 1 7 7 26 1 4 1 6 1 1
0 2282 3 1 14
0 2283 1 1 6
0 2318 1 3 4
0 2321 13 2 4 1 3
0 2326 15 1 11 1 1 5 3 1 14 1 55 3 17 1 4 1 33 2 1 1 27 1 2 1 4 1 7 1 3 2 1 2 3 1 7 4 4 1 6 1 4 1 1
0 2344 4 1 2 4 7 1 14
0 2345 4 1 7 1 11 1 6
0 2354 8 1 5
0 2361 33
