0 0 2 1 1
0 8 9 1 8 2 6
0 14 10 1 10 1 8 4 4
0 22 3
0 29 4 1 1 1 1 1 53 1 3
0 31 12 2 10 1 11 1 9 1 4 1 4 2 7
0 54 4 1 6 1 1 3 1
0 61 51 2 12
0 68 5 1 3 1 17 1 4 1 3 3 23 1 3 1 24 1 10
0 95 19 1 7 2 19
0 102 3 1 25 1 42 2 7 1 4 1 8 3 7
0 107 3
0 112 6 4 15 2 1 3 10 1 10 1 5 1 4
0 115 6 5 8 2 13
0 119 14 5 4 1 15 1 17 2 10 2 13 1 15 2 4 1 5 1 6 1 8 3 29 1 10 1 11 5 3 3 8 1 13 1 3
0 128 26 2 14 1 1 2 10 2 1 1 6
0 132 13 1 3 4 12 3 2 1 9 1 16 1 6 1 3
0 153 12 2 1 1 17 1 12
0 164 13 2 5
0 165 6
0 169 11
0 173 4
0 181 15 1 3 1 25 2 3 3 6 3 15
0 191 1 1 13 1 10 1 3
0 197 10 1 4
0 199 6 1 8 2 9 1 5
0 206 2 2 1
0 208 2 3 18
0 210 3 1 3 1 4
0 230 4 2 5 2 4
0 240 2 1 9
0 241 25 1 3 1 5 1 26 2 41
0 247 7 1 6 2 18
0 249 5 2 1 1 12 1 7 2 7 2 9 2 2
0 262 5
0 264 14 2 12 1 9
0 285 9 1 21 3 9 1 7
0 294 9 1 5 1 2 4 3 1 5 1 4 1 9 2 1 2 6 2 28 1 3
0 300 12 1 11 1 6 2 5 1 9 1 9
0 327 12
0 351 5 1 3 1 4 3 10
0 358 9 3 12 1 9 2 12
0 370 10 2 2 2 2 2 5 1 3 1 30 2 6
0 400 11
0 406 1 2 4
0 413 1 2 7 1 1
0 441 7
0 446 7 3 22
0 448 3 1 5 1 7 2 8
0 456 3 1 7 2 4 1 10 1 5 2 4 2 3 1 3 6 2 1 24 3 22 1 17
0 465 3 3 1 1 9 5 7 1 4 1 1 1 8 1 2 1 16
0 478 10 1 8 1 10 1 11 1 6 2 15 1 8 1 7 1 9 1 4
0 487 1 1 2 2 2 2 15
0 493 4 1 2 1 2 1 9 3 7 1 14
0 494 10 1 6 1 18 2 9 1 11 2 2 1 5 1 5 1 2
0 502 4
0 521 18 1 2 1 1 2 4 3 4 2 7
0 536 1 1 3 2 3
0 537 15 1 4 1 3 4 1 1 7 2 4 2 28 1 13 1 6 2 1
0 551 3 1 17 1 10 4 8 1 6 1 1 2 16 3 23 1 26 1 15 1 10 3 3 1 5
0 552 11 1 1
0 562 23
0 573 24 1 4 1 5 1 2 1 2 1 9 1 36
0 594 18 1 11 1 23
0 615 13 1 15 3 13 1 22 1 20 2 3
0 633 25 4 14
0 642 5 1 4 2 40 2 15 1 1 3 8 2 23 1 6
0 651 9 1 2 1 9 1 2 1 10 3 39 2 2 1 7 1 3 1 11 1 11 2 10 1 17 3 25
0 683 1 1 5
0 696 1 2 6
0 703 1 1 1 1 1 1 8 1 5 1 11 1 7
0 727 5 1 8
0 737 4
0 738 21
0 740 18
0 763 13 1 19 1 10 2 2 1 17 6 21 2 10 3 22
0 774 1 3 3
0 779 16 1 7
0 784 10 1 10 1 19 1 12 1 3 1 2 2 3 1 9 1 2 1 14 1 21
0 798 7
0 801 15 2 11 2 4
0 814 3
0 815 27 3 11 1 12 1 6 1 1
0 816 26 1 7 2 35 1 4 1 1 3 2
0 847 12 1 8 1 3 2 13
0 851 9 3 6
0 853 8 3 6 2 6
0 854 9 2 6
0 857 16 2 5
0 882 4 2 1
0 892 2 1 11 1 10
0 902 25 3 4 1 1 1 6 1 5 1 17
0 903 5 6 21 1 1 1 4 1 13 1 17
0 916 11
0 974 4 1 3 1 7
0 975 3 1 1
0 976 3 1 6 4 50 3 2 1 1 1 3 2 7
0 987 10 1 6
0 995 4 3 17 2 8
0 997 14 1 11 1 1
0 998 11 3 5 4 1 1 5 3 7
0 1012 24 2 16 1 21
0 1013 14 1 4 2 13 1 15 1 2 1 7 2 6
0 1018 2 2 21 3 23 3 1 1 15 1 21 2 6 1 5 1 1
0 1021 18 2 15
0 1022 3 1 1 1 9
0 1041 9 3 4 1 5
0 1045 15 1 5 1 19 2 5 2 2 2 16 1 13 3 3
0 1051 11 1 2 3 2
0 1059 15 1 23 1 18 1 21
0 1072 5 1 26 1 2 1 4 2 1 1 22 2 5 1 4 1 6 1 16 1 37
0 1078 4 2 13 1 4 1 3 1 1 1 7
0 1099 4 2 8
0 1103 4 1 9 2 21 1 32 2 4
0 1126 3 1 2 2 3 1 14 1 9 1 24
0 1138 8 1 28 1 23
0 1142 5 1 20
0 1153 6 1 2
0 1166 11 1 37
0 1176 6 2 12
0 1207 9 1 6
0 1225 16 1 22 1 11 1 8
0 1226 14 3 26 3 11 2 16
0 1229 4 1 2 1 11 1 3 1 33
0 1230 15 2 27 2 8
0 1238 1 1 2 3 2 1 37 2 32
0 1250 2 2 3 1 17 3 30
0 1261 11 1 7 1 9 4 2 1 11 1 3 1 4 1 3 2 6
0 1273 13 3 2
0 1283 29 1 5 2 11 1 16 2 5
0 1285 10 2 4 1 6
0 1289 23 1 6 1 2
0 1307 7 1 6 2 22 1 10 1 7
0 1319 2 1 6 1 14
0 1356 4 1 17 3 7 3 7 1 7
0 1357 4
0 1372 19 1 11 1 6
0 1377 15 1 8 2 9 1 10
0 1387 5 1 4
0 1389 7 1 11 2 3 1 1 2 15
0 1402 1 2 2 1 29 2 21 1 22 1 2 2 1 3 1 2 9 1 12 1 3 1 3 1 7 1 10
0 1404 5 1 4 1 2 3 3 3 1
0 1423 3 1 2 1 1 3 2 1 4 1 8 1 11 2 13
0 1433 6 2 5 1 5 1 2 2 3 1 7 1 6 1 19 2 2 1 21 1 5 1 21
0 1440 3 1 17 1 15 1 1
0 1451 15 2 1 2 13
0 1459 1 3 1 2 16 1 17
0 1466 43
0 1474 10 3 4 1 21 3 23 2 1 1 12 1 16 2 8 1 9 1 2 1 3 2 3 1 11
0 1483 4 5 4 3 9 1 9 2 5 4 13 1 13 1 23 1 1 1 9 5 20
0 1484 1 3 23
0 1498 6 2 3 3 2
0 1510 9
0 1512 14 1 7
0 1534 4 1 6 2 2
0 1546 5 1 3
0 1572 15 1 1 1 7 1 13 2 5 1 9 1 4 1 6
0 1575 8
0 1598 11 1 3 1 1 1 8 1 2 1 35 3 18
0 1607 7
0 1618 17 2 6
0 1625 4 1 1
0 1626 3 3 18 5 86 1 13
0 1642 8 1 4 2 1 1 3 1 2 2 1
0 1654 6 3 8 3 1
0 1657 12 1 40
0 1689 17 2 7 2 24 1 14
0 1696 6 1 13
0 1704 4 1 1 5 2
0 1709 5 1 5 1 3 1 24 1 9 3 8
0 1713 3 1 8 2 11 1 2 2 5 1 27 4 20 2 3 1 13 2 12 1 9
0 1718 35
0 1728 1 3 14 2 7 1 6
0 1752 15 1 2 1 8
0 1759 11 4 10 1 20 1 10 2 13 1 15 1 9 1 1
0 1793 3 1 9 1 7 1 5
0 1801 17 1 9 2 5 1 12 2 19 3 10 1 4 1 5 3 1 4 5 3 4 1 26 1 2
0 1806 1 4 9 1 16 1 17 2 12 1 15 1 10 1 3 4 9 1 6
0 1807 2 1 8
0 1815 1 3 11 1 6 1 33 3 15 2 8 1 4 2 5 1 14 1 2
0 1824 1 1 18 1 6 2 11 1 33 2 2
0 1832 25 1 3
0 1855 3 1 16
0 1862 8 1 7
0 1898 6
0 1922 1 1 8 1 4 2 9 4 2
0 1936 7
0 1965 2
0 1974 5
0 1975 16 1 7
0 1976 2 1 13 2 2 1 2 1 1 1 3
0 1990 7 3 2 2 4 1 1 1 11 1 2
0 1992 5
0 2025 15 2 59
0 2031 7 2 42 1 14 1 32 5 4 2 30 3 4 3 5 3 5 2 11 3 14 1 6 1 12 1 3
0 2080 4 1 7 1 6 1 30 2 3 1 7 1 17
0 2082 3 1 14 1 27 2 42
0 2095 5
0 2096 41 2 7
0 2119 3 1 8
0 2127 20 2 2 1 34 2 13 1 45 1 12
0 2178 2 3 13 1 3
0 2185 16 1 12 1 18 1 15 1 3
0 2196 2 5 12 1 4
0 2207 10 3 13 1 9 1 1 1 9
