0 0 2 2 5 1 8 1 1 2 9
0 6 2
0 19 23 4 6 1 15
0 27 8 1 5 1 9 2 2 2 13 1 14 2 5 1 7 1 3 1 7 1 1
0 30 4 2 3 1 3 1 11 1 15 1 10
0 42 19
0 43 2 1 13 1 48
0 47 6
0 66 23
0 97 13 4 11
0 113 21 3 14 2 9 1 2 2 8 2 4
0 131 3 1 13 1 3 2 5
0 170 1 3 12
0 185 20
0 186 6 2 4
0 239 2 1 9 1 33 1 3 1 10 1 7 1 19
0 247 19
0 259 10 2 15 1 8 1 19 3 3
0 282 2 2 11 4 31 2 4 2 5
0 298 5
0 303 17 1 9
0 304 1 2 3
0 326 8 1 5 1 3 1 3 1 8
0 327 2 1 56
0 345 6 1 1 1 10 3 2
0 354 12 2 6
0 404 13 1 13 1 2
0 432 12 3 3 1 23 1 8
0 439 4
0 454 1
0 479 2 1 3 1 3 2 22 1 4 1 18 2 1 1 27
0 480 1 1 3 1 6 1 14 1 5 1 17 1 15 2 1 2 7 1 6 1 8 1 13
0 497 24 2 2 1 26 1 11 1 12
0 503 8 2 1
0 522 6 1 6 1 2 1 11 3 40 3 6 4 16
0 524 28
0 526 43 2 5
0 530 1
0 554 2 4 2
0 560 12 1 14 1 15 1 1 1 7
0 594 7 1 7 1 2 1 8 2 25
0 641 11 4 26 3 4
0 655 7
0 662 5 4 7
0 663 20 2 2 1 11
0 708 14 1 5
0 756 13 1 1 3 6
0 765 12 3 5 1 38 3 4 1 23
0 771 6 2 16 1 2 1 25 1 6 1 7 1 10 1 2 1 35 1 8 2 17 2 1 1 13 1 3 1 6 1 4 1 46
0 782 9 4 6 1 12
