0 0 14 2 14 3 11 5 8 1 2
0 27 22 4 12 2 1
0 31 6 1 12 1 7 3 20 1 15 1 4 3 18
0 33 6 6 8
0 36 16
0 41 1 1 3
0 64 26
0 65 1 2 3 5 3 2 7 2 24 1 18 1 6
0 72 12 3 7 1 1 5 3 2 2 4 5 1 25 1 21 1 1 1 4
0 79 28 3 35 1 3 3 4
0 82 38 1 3 2 8 2 8 1 18 2 6
0 92 13
0 121 5 1 6 1 5
0 135 16
0 140 3 1 3
0 155 43 2 1
0 161 25 4 21 2 4 2 25 1 9 1 13 1 2 1 10 1 7 1 6 1 15
0 171 49 1 19 2 9
0 174 7 1 6 2 13 1 4 1 5 1 11 2 8 1 19 2 5 1 4 1 13 1 20
0 181 3 1 8 2 15 3 24
0 245 10 3 11 2 29 2 12 1 5 1 18
0 292 3 1 13
0 308 8 2 17 2 1
0 312 31 2 30 2 6 2 7 1 6
0 325 7 1 10 3 4 3 12 2 3
0 360 1 1 8
0 367 2 1 21 1 15 3 15
0 380 28 2 6 3 10
0 396 3 1 2 1 9 1 29
0 422 14 1 13 1 9
0 445 15 3 1 1 4
0 446 11 1 6 2 4 1 4 2 2
0 457 1 1 4 2 26 1 21 1 6 2 8
0 492 3 1 16 6 3 1 27 3 19
0 494 2
0 495 5 1 23 2 4 1 22 1 13 1 3 1 6 1 5 1 13
0 508 5 1 4 1 6
0 513 21 4 13 2 22
0 515 6 1 20 2 7 2 26
0 518 2 1 1 1 17 1 13 1 32 2 3
0 534 23 3 10 1 24 1 43
0 558 1 1 3
0 562 17 1 13 1 1 3 17 1 6
0 571 6 1 5 1 5 1 1 2 8
0 584 29
0 603 79 1 1
0 612 9 1 7 1 7
0 683 9 1 1
0 688 9 1 10
0 689 2 1 2 4 9
