0 0 2 1 6 1 15 2 2 1 3 1 5 2 1 1 2 1 1 1 4 2 6 1 4 1 4 2 2 1 2 1 3 1 2
0 11 19 2 13 2 4 2 2 1 3 2 4 3 3 2 6 3 2 2 4
0 25 2 1 3 2 6
0 55 3
0 56 3 1 3 1 7
0 66 6 3 1 1 2 1 5 1 3
0 67 1 1 6 2 10 2 9 2 14 2 1 1 1 1 1 2 1 1 5 1 4 1 9
0 72 5 1 1
0 112 1 2 10 2 1 1 1
0 122 1 3 2
0 123 4 1 3 3 2 3 6 1 9 1 14
0 126 4 1 5 1 4 4 1 1 2
0 129 4 1 5 1 2 1 5
0 150 15 1 5 1 1 8 6 1 2
0 171 3
0 184 3 1 5
0 186 2 1 3 1 2 1 1
0 187 15 1 1 3 4 2 2 1 11 1 3 1 1 2 11 4 7 1 2 1 9 1 12
0 191 4 1 4 1 2 1 8 1 2 2 2 1 1 3 2 1 3 2 3 3 2 3 15 1 2
0 205 10 1 7 1 3 1 7
0 222 4 2 1 1 3 1 4 1 3 1 7 1 10 1 2 2 4 4 2 2 1 1 5 3 2 2 3 1 2 2 4 1 4 2 9 1 1 1 2 3 2 4 5 2 3 4 5
0 223 8 1 3 1 5 1 7 2 2 1 4 3 1 1 12 1 3 1 1
0 234 3 1 1 2 1 1 2 1 1 1 7 1 3
0 235 1 2 4 1 1 1 1 1 3 2 6 1 2 1 2 1 2 2 4
0 260 3 4 5 2 12 1 14
