0 0 4 1 3 1 1 2 2 4 1 1 5 1 2 3 4
0 10 1 1 16 1 7 3 5 4 5 1 1 2 1 2 3 1 2 1 4 1 1 1 1 1 4 2 8 2 2
0 15 3 1 5
0 28 14 3 1
0 46 12 1 4
0 48 5 3 5 2 2 1 4 1 8 2 2 1 5
0 63 3 2 3
0 66 2 1 5 1 1 3 7 2 1 2 1 1 12 1 1 4 1 1 1 1 3
0 69 1 1 2 1 2 1 11
0 76 7 1 4 1 4 1 5 1 3 2 1 1 4 3 4 1 10 1 3 1 3 1 4 1 10 3 1 1 3 3 7 1 2 1 5 2 1 2 3 2 5
0 79 17 1 2 1 2 2 1
0 86 2 4 2 2 3
0 89 4 1 10 1 3
0 91 5 4 1
0 113 10 2 3 1 4
0 119 4 1 3 1 1 1 2 3 8
0 124 1 1 3 1 1 2 12 3 6
0 134 3 1 7
0 151 1 2 2
0 167 2
0 183 1 1 2 1 1 2 2 1 8 2 1
0 184 8 1 1 1 5 3 1 1 2 1 1 2 1 1 2 4 4 1 1 1 10 5 2 2 5 1 1 1 1 1 1 1 15 3 6 2 9 1 8 1 7 1 7 1 1 1 7 1 15 1 6
0 189 7 3 1 2 4
0 192 5 2 2 1 11 1 1 2 4 3 2 1 1 1 4 1 1
0 201 5 2 6 3 11 1 3 1 9 1 1 1 2 4 3 2 2
