0 0 1 1 1 1 3
0 9 3 2 3 2 2 1 3 1 2
0 47 2 1 3 1 6 1 2 1 1
0 48 1 6 1 1 8 1 5 2 4
0 61 2 1 2 1 1
0 74 3 1 8 1 1
0 80 1 3 1 1 3 6 7
0 111 3 1 4 1 4 2 2 1 4 1 9 3 1
0 118 10 1 4
0 145 8 1 3 2 8 2 3 1 4
0 152 17 2 3 1 2 1 4 3 3 1 2 1 9 1 3 4 6 2 1 3 4 1 4 1 2
0 156 3
0 163 17 1 7
0 230 2 2 19 1 1 2 2 2 5 1 7 2 4
0 252 2 1 2 1 3 1 4 3 12 1 4 1 5 5 1
0 261 3 2 4 1 7 1 11 2 6 1 1 2 4 2 1 1 3 3 2 2 1 1 14
0 294 1 1 4 1 7 1 3 1 1 1 7 2 8
0 299 7
0 313 1 1 5 2 2 1 1 1 1
0 326 1 1 2
0 334 6 1 1 1 10 2 1 3 3 3 6 1 4 1 1 2 3
0 341 2 1 2 1 2 1 4 1 3 1 3
0 351 1 1 2 1 1 2 1 1 1 1 12
0 359 1 1 4 1 4 1 3 2 2 2 2 2 2 1 4 1 2 1 6
0 389 2
