0 0 2 2 7
0 39 10 1 7 1 6 1 1
0 46 5 1 8 1 1
0 79 9 1 3
0 115 6
0 131 2 1 2 1 12
0 255 11
0 275 1 1 4 2 6 1 5 1 15
0 290 10
0 311 4 1 14
0 322 2 1 4
0 333 1 1 20 1 7
0 338 1
0 388 10 1 3 1 1 1 4 1 4 3 4 1 4 2 1
0 394 7 2 1 1 9 1 2
0 399 1 1 3 1 2 1 6
0 409 2 1 3
0 417 8 1 4 1 16 1 2 1 7 2 13
0 443 1 2 2
0 494 13
0 525 4 4 1 1 4
0 555 9 1 5 2 6 2 6 2 1
0 595 8
0 644 2 5 2 1 4
0 658 1 1 2
0 668 7 2 20 1 5 1 4
0 689 6 1 4 2 20
0 694 6 1 2 2 7 2 2 2 2
0 698 4 2 3 1 7 3 2 1 10 1 3 1 10 1 3
0 702 1 1 1 1 5
