0 0 3 2 16 1 10 1 7 2 8
0 57 23 1 7 1 11
0 59 2 1 4 1 14 1 2 1 6 1 4
0 97 4 3 36 1 4
0 127 12
0 139 5
0 154 26
0 169 1
0 179 17
0 209 5 1 3 1 5 1 11 1 12
0 213 8 1 21 1 33 3 16
0 242 10 1 6 2 12
0 246 2 2 1 2 14
0 252 19 1 6 3 2 2 1 1 16
0 254 20 2 13 2 1 1 7 1 8 1 17 1 9 1 6 4 4 2 2 2 6
0 266 11 1 2
0 270 4 1 56
0 275 9 1 9 2 2
0 283 29 4 2 1 12 2 14 1 6 3 1 1 6 4 6
0 291 10 1 2 1 2 1 13 1 15 1 21
0 302 4 1 5 1 5 1 3 2 3 1 6
0 305 10 1 19 1 8
0 313 2
0 339 9 1 2 2 3
0 364 1 1 2
0 366 32 1 9
0 381 2 2 4 2 11
0 385 6 2 1
0 400 4 2 18 1 7 1 21
0 403 4 1 22 2 2 3 20 1 1 4 8 2 3 1 4 1 6
0 408 9 1 27 2 4 1 9 1 7 2 12 2 5
0 414 2 5 11 1 2 2 10 5 3 1 9 2 14 2 1
0 424 15
0 431 8
0 438 7 1 13 1 9
0 439 5 1 4
0 446 61 1 10 3 9 8 1
0 479 1 1 31 1 27 2 1 1 10 2 30
0 499 6 2 5 1 1 1 1 1 13
0 530 5 1 8 1 1 1 8 1 8 1 7 1 21 2 15 1 2 1 13 3 3 2 3
0 531 18 1 7 1 1 1 3 1 18 1 1
0 554 5
0 557 18 1 1 3 22 1 4 1 15 2 2 1 6 1 2
0 572 4
0 577 4 2 9
0 593 4
0 618 40 3 9 1 3 1 1 1 24
0 634 6 1 5
0 639 5
0 646 19 1 8
0 649 4 1 14 1 15 5 36 1 7
0 666 8 1 4
0 694 6 2 9 3 15
0 705 8 3 2 1 7 1 6 1 36 2 6 1 12 1 4
0 716 1
0 723 11 1 30 4 7 4 10
0 736 2 1 7
0 753 6 2 40 2 14 2 9 1 6 2 35 1 8
0 756 3 2 2
0 768 11 1 37 1 6
0 782 8 2 8
0 798 4
0 802 3 1 22 2 12
0 813 10 2 7 1 16
0 818 17 1 6 1 5 1 17 1 6
0 820 2 1 15 1 6 1 7
0 826 7 1 14 3 1 2 24 1 4 1 22 1 1 1 5 1 6 1 9 2 7
0 828 16 1 2 2 9 1 9 2 11
0 839 35
0 917 10
0 918 2 1 40 5 5 3 11 2 22 1 3 2 5 1 5 1 12
0 928 4 1 21 1 16
0 970 16
0 974 6
0 975 2 4 5 2 14 1 42 1 11 1 2 1 4 2 27
0 1000 5
0 1002 7 1 11 1 15
0 1005 6 1 5 2 1 1 9
0 1039 17 1 1 2 5
0 1074 15 5 12 1 2 2 16 2 21 2 19 1 10
0 1100 11 1 19 3 3 1 3 1 3 4 15 1 84 1 44
0 1106 16 2 19 2 8 2 11 2 5 1 11 1 31 2 10 1 4 1 4 1 9 4 3 2 3 2 3 1 20 1 22 2 14 3 21 2 19 1 3
0 1107 7
0 1123 45
0 1128 2 1 5
0 1129 5 1 11 1 3 3 5
0 1153 15 1 14 2 21 1 1 2 6 1 3 1 12 2 8 1 1 1 2 1 7 1 5
0 1184 1
0 1202 7 1 13
0 1204 6 1 1 1 6 1 2 1 2 1 19
0 1209 17
0 1218 37 1 12 3 4 2 27 1 2 1 5
0 1220 12 1 3 2 13
0 1242 6 1 7
0 1243 17
0 1247 40
0 1251 7 1 4
0 1265 10 2 5
0 1269 6 4 6 1 14 2 2 1 2
0 1272 6 1 38 1 19 1 2 4 7 1 2
