0 0 14 2 14 3 11 5 8 1 2
0 27 22 4 12 2 1
0 31 6 1 12 1 7 3 20 1 15 1 4 3 18
0 33 6 6 8
0 36 16
0 41 1 1 3
0 64 26
0 65 1 2 3 5 3 2 7 2 24 1 18 1 6
0 72 12 3 7 1 1 5 3 2 2 4 5 1 25 1 21 1 1 1 4
0 79 28 3 35 1 3 3 4
0 82 38 1 3 2 8 2 8 1 18 2 6
0 92 13
0 121 5 1 6 1 5
0 135 16
0 140 3 1 3
0 155 43 2 1
0 161 25 4 21 2 4 2 25 1 9 1 13 1 2 1 10 1 7 1 6 1 15
0 171 49 1 19 2 9
0 174 7 1 6 2 13 1 4 1 5 1 11 2 8 1 19 2 5 1 4 1 13 1 20
0 181 3 1 8 2 15 3 24
0 245 10 3 11 2 29 2 12 1 5 1 18
0 292 3 1 13
0 308 8 2 17 2 1
0 312 31 2 30 2 6 2 7 1 6
0 325 7 1 10 3 4 3 12 2 3
0 360 1 1 8
0 367 2 1 21 1 15 3 15
0 380 28 2 6 3 10
0 396 3 1 2 1 9 1 29
0 422 14 1 13 1 9
0 445 15 3 1 1 4
0 446 11 1 6 2 4 1 4 2 2
0 457 1 1 4 2 26 1 21 1 6 2 8
0 492 3 1 16 6 3 1 27 3 19
0 494 2
0 495 5 1 23 2 4 1 22 1 13 1 3 1 6 1 5 1 13
0 508 5 1 4 1 6
0 513 21 4 13 2 22
0 515 6 1 20 2 7 2 26
0 518 2 1 1 1 17 1 13 1 32 2 3
0 534 23 3 10 1 24 1 43
0 558 1 1 3
0 562 17 1 13 1 1 3 17 1 6
0 571 6 1 5 1 5 1 1 2 8
0 584 29
0 603 79 1 1
0 612 9 1 7 1 7
0 683 9 1 1
0 688 9 1 10
0 689 2 1 2 4 9
0 722 7 1 2 1 2 1 12
0 732 21 2 1 1 2 1 28
0 744 9 2 1 1 7 3 20 1 5 1 20 2 4 1 5
0 746 19 2 19 1 8 5 2 1 19
0 754 20 3 1 1 18
0 757 9 2 4
0 763 22 1 43
0 768 14
0 776 20 1 10 1 4
0 808 7 2 30
0 809 7 1 2 1 1 2 16 5 12
0 811 1 1 11 1 11 3 8 1 12
0 812 24 2 4
0 822 19 1 11
0 844 25 1 1 1 1 1 36 1 2
0 860 4 2 8
0 877 3 4 4 1 10 2 14 1 8 1 9
0 882 1 1 15
0 888 6 1 4 1 1 2 5 1 11
0 893 11 2 18
0 903 4 3 1
0 919 7 2 28
0 927 12 2 8 1 5 1 22 1 1 1 8 2 1 1 5 1 17 1 3 2 15 1 13 1 5 1 1 1 5 2 1 1 4 1 6
0 949 1 2 31 2 20
0 959 17 2 5
0 968 11 2 28 1 8 2 18 1 4 2 8
0 974 6
0 1003 7
0 1023 2 3 9
0 1031 2 1 35 1 17 1 10 2 3 2 12 1 8
0 1035 1 1 28
0 1037 13 2 12 1 10
0 1038 13 5 8 3 7 1 1
0 1057 2 1 15 1 31 2 11
0 1059 39 1 33 1 20 1 5 1 3 1 2 1 7 1 4 1 3
0 1068 3 2 8
0 1070 14 1 10
0 1082 2 1 41
0 1086 8 1 21
0 1093 11 3 26 1 4 1 8
0 1120 11 1 5 1 7 1 3 3 2
0 1127 7 1 27
0 1134 2
0 1157 5 1 5 4 5
0 1160 2 1 13 2 10
0 1177 4 2 24 1 5
0 1180 8
0 1204 6 1 8 1 15 1 24 1 8 1 8
0 1207 19
0 1218 26 1 3
