0 0 2 3 16 2 6 2 13
0 26 15 1 2 1 4
0 27 15 1 12 1 23 2 15 1 23 1 4 1 6 1 9 1 34 1 4 2 5
0 30 23 2 23 1 14 1 8 5 3 1 2 1 2 1 17 2 14
0 31 2 5 13 1 1
0 34 6 1 30 2 9 3 16
0 42 7 1 20 1 5 1 5 1 14
0 45 2 2 15
0 90 4
0 94 8 1 6 1 19
0 105 11 1 2 1 1
0 127 4 1 15
0 132 1 1 9 1 17 1 12
0 154 16 2 7 1 3 1 21 1 16 1 2 1 4
0 186 15 1 19
0 189 6
0 196 9 1 3
0 229 8 2 4
0 235 12 1 7 1 21
0 243 39 4 12
0 259 4 2 24 1 3 1 16
0 268 2 1 19
0 270 14 2 21 1 14 1 35 2 6 2 21 1 6 1 20
0 307 4 1 1 1 17
0 314 1 1 14
0 327 8 1 8
0 341 6 1 10 1 18 1 8 1 4
0 353 8 2 7 1 15
0 376 11 3 12
0 378 3 1 1 1 11
0 383 31 4 3 4 1 1 25 1 9 1 21 1 5
0 403 8 1 1 1 1 2 17
0 412 4
0 423 9 1 9 1 10
0 427 13 1 1 1 11 1 6
0 446 1
0 462 8 1 3
0 479 14 2 6 1 17 2 13
0 494 4 3 16
0 496 5 1 8 2 7 1 12
0 508 10 5 14 2 4
0 516 26 2 20 2 8
0 541 15 1 2 3 11 1 9 1 6
0 560 10 2 40 1 13 5 1
0 572 20 2 9
0 574 17 1 54 2 12 1 2 1 36 1 4 1 3 2 2 1 6 1 30 1 10 2 10 1 2 1 4 1 9 1 10 2 3 1 16 1 12 1 7
0 578 5 1 4 2 4 1 5
0 609 18 1 2 1 4 1 15 2 10 1 3 1 4 1 28 1 20 2 1 1 8
0 630 2 1 31 6 5
0 631 6
0 666 6
0 675 2 1 27
0 688 39 1 6
0 698 30 1 24 1 15 1 9
0 722 13
0 740 15
0 743 11 4 2 1 4 1 21 1 15
0 772 7 1 8 1 2
0 785 2 1 30 2 4 1 14 1 6 1 1 1 16 2 8 2 1
0 811 4 2 12
0 829 15
0 841 6 1 6 1 18 1 15 1 6 2 6 1 4
0 851 4 2 3 1 8 1 31
0 868 29 1 1 1 3 3 11 1 2 3 1
0 871 8 1 13 1 2
0 889 1 1 3 1 3
0 935 13 1 25
0 936 34 3 1 1 3 1 12 1 9 2 16
0 937 11 1 1 2 8
0 950 18 1 23 1 2
0 957 6 2 17
0 959 20
0 960 3 2 6 2 1 1 6 1 3 4 3 1 11
0 968 2
0 996 6 1 7
0 1000 7 1 2
0 1055 2 1 1
0 1064 25 2 20
0 1082 13
0 1086 6 3 13 2 2 1 1
0 1089 14 1 7 1 23 1 1
0 1135 17
0 1143 7 1 1
0 1151 1 3 22 1 15 1 12 1 8 1 24 1 12
0 1174 23 1 33 1 1
0 1199 31 2 2 3 8 1 10 2 3
0 1271 5 1 3 2 25 4 3 1 1
0 1279 6 1 2 1 7 2 14 1 13 2 3 1 11 2 18
0 1282 15 1 22 5 6
0 1292 13 5 29 1 1 4 12 1 9
0 1320 1
0 1325 12 2 8 1 2
0 1328 1 1 3 1 11 1 51 1 1 1 4 1 11
0 1334 5 3 7
0 1345 9 2 44 2 9 4 9
0 1349 17 2 22
0 1370 15 1 6
0 1374 5 2 2
0 1419 6 1 7 3 9 2 9 1 12 1 19
0 1435 7 2 5
