0 0 2 2 5 1 8 1 1 2 9
0 6 2
0 19 23 4 6 1 15
0 27 8 1 5 1 9 2 2 2 13 1 14 2 5 1 7 1 3 1 7 1 1
0 30 4 2 3 1 3 1 11 1 15 1 10
0 42 19
0 43 2 1 13 1 48
0 47 6
0 66 23
0 97 13 4 11
0 113 21 3 14 2 9 1 2 2 8 2 4
0 131 3 1 13 1 3 2 5
0 170 1 3 12
0 185 20
0 186 6 2 4
0 239 2 1 9 1 33 1 3 1 10 1 7 1 19
0 247 19
0 259 10 2 15 1 8 1 19 3 3
0 282 2 2 11 4 31 2 4 2 5
0 298 5
0 303 17 1 9
0 304 1 2 3
0 326 8 1 5 1 3 1 3 1 8
0 327 2 1 56
0 345 6 1 1 1 10 3 2
0 354 12 2 6
0 404 13 1 13 1 2
0 432 12 3 3 1 23 1 8
0 439 4
0 454 1
0 479 2 1 3 1 3 2 22 1 4 1 18 2 1 1 27
0 480 1 1 3 1 6 1 14 1 5 1 17 1 15 2 1 2 7 1 6 1 8 1 13
0 497 24 2 2 1 26 1 11 1 12
0 503 8 2 1
0 522 6 1 6 1 2 1 11 3 40 3 6 4 16
0 524 28
0 526 43 2 5
0 530 1
0 554 2 4 2
0 560 12 1 14 1 15 1 1 1 7
0 594 7 1 7 1 2 1 8 2 25
0 641 11 4 26 3 4
0 655 7
0 662 5 4 7
0 663 20 2 2 1 11
0 708 14 1 5
0 756 13 1 1 3 6
0 765 12 3 5 1 38 3 4 1 23
0 771 6 2 16 1 2 1 25 1 6 1 7 1 10 1 2 1 35 1 8 2 17 2 1 1 13 1 3 1 6 1 4 1 46
0 782 9 4 6 1 12
0 789 1 1 20 1 14 1 10
0 791 11 1 1 2 11
0 803 16 3 1
0 804 5 3 8 2 13
0 826 4 2 7 3 6 2 50
0 827 9 1 2 2 24 1 1 1 7 2 3 1 1 1 11 1 2 3 7 3 14
0 830 13 1 16 2 2 1 11 3 8 1 35
0 833 8 1 1 2 2 1 4 3 1 1 23
0 837 27 1 8 1 14 2 34 1 3 1 13 1 4 1 10 1 1 1 6 1 17 2 10 2 17 1 7 1 11 1 12 1 6 1 30 1 6 1 16 5 19 2 13 1 4
0 901 12 1 1 2 9 1 14 2 4 1 2 1 1 2 2
0 928 41 1 3 2 33
0 948 13 1 6
0 949 7 2 3 1 9 1 7 2 19 1 8 3 12
0 957 1 1 19 1 10 3 30 2 22 3 1 1 3 1 8 1 24 1 7 1 5 1 10 1 3 1 20
0 967 2 5 11
0 968 13 1 7 1 2
0 977 4 1 1 1 16 3 18 2 17 1 10 1 6 3 6 2 3 3 6 1 1 1 13
0 1000 13 2 8 2 6 2 4 1 4 1 7 1 1
0 1048 27 2 1 1 4 1 4 1 29 2 2
0 1055 18 1 14 1 14 1 3 1 17 1 10 3 2 4 3
0 1063 14 1 10 1 3 3 5
0 1064 1 1 14 1 39 1 31 1 1 1 16 1 17 2 3 2 5
0 1068 33 1 5 2 7 1 9 1 19 2 1 3 28 1 6 1 8
0 1082 2
0 1115 3 1 3
0 1137 5 1 10
0 1140 2 2 7
0 1147 10 1 7 2 27 2 5 2 2 2 17 2 10 1 7 2 7
0 1149 14 2 20 3 18
0 1150 2 1 24 2 6 4 5 1 6
0 1155 7 3 21 1 5 1 12
0 1164 2 1 4 1 25 3 1
0 1186 9 1 9 2 3 3 25 4 13 1 31 1 5 1 4 3 1 1 2 1 4 2 8 1 2 1 2 1 19 1 3 3 5
0 1190 3 1 11 2 3 1 3 1 25 2 21
0 1197 23 1 8 1 2
0 1214 16 1 10 2 8 1 26 2 1 2 3
0 1244 4 1 4 1 4 1 4 3 1
0 1249 23 1 16 1 14 1 39 3 2 2 31 1 45 2 1 1 13 1 6 1 15 1 1
0 1253 4 1 6 1 8 1 1 4 6
0 1289 4 1 1 1 10 1 4
0 1290 3 4 4 1 5 2 6
0 1299 13 1 1 1 6
0 1312 3 1 15 1 28 1 18 1 8
0 1315 9 3 4 3 9 1 10
0 1365 29 3 27 1 18 1 14 5 12 1 25 3 5 1 3 1 18
0 1368 10 2 16 1 8 1 19 1 10 1 5 1 6
0 1370 24 1 12 1 14
0 1381 1 2 14 1 16 1 3 2 8 2 4 2 5
0 1382 31 1 5 1 14 1 4
0 1428 10
