0 0 10 1 7 2 15 1 5 2 22
0 3 3 2 8 1 22 1 31 2 19 3 5 2 16 1 23 3 5 2 1 1 20 1 7 1 13 3 2
0 10 1 1 3 1 1 1 2 2 10 1 4 1 1
0 37 10 2 10 2 7 3 3 1 3 1 10 1 5 1 3 1 11
0 61 2 1 14 2 10
0 81 3
0 86 79 1 15
0 87 9
0 91 18
0 92 43 2 6 1 15 2 4
0 112 4 1 5 1 21 1 10 1 36
0 122 7
0 132 2 1 5 1 12 1 3 2 17
0 142 15 1 16 2 2
0 159 1
0 176 4 4 5 2 1 4 5 1 10 1 35 1 30
0 178 9
0 192 17 2 4 2 1
0 201 2 1 1 1 22
0 212 12 1 16
0 215 12
0 219 10 1 22 1 5 1 18 1 6 3 12 1 17 1 15 2 1 2 6 1 1
0 224 4 1 19
0 228 24 1 3 1 19 2 5 2 19 2 4 1 7 1 5
0 279 3 1 2 2 14 1 1 1 16 3 19 2 13 1 11 1 1
0 283 2 1 8
0 295 7 1 14 4 6 2 2 1 52 2 4 1 9 1 7 1 12
0 296 1 1 32 2 7 1 2 2 3
0 309 18 1 1 1 1 3 4 1 32 1 1 1 3 1 1
0 311 10 1 6 1 4
0 318 28 3 10 2 1 1 6 1 6 1 12 4 46 1 2 2 13 1 45 1 5 1 7
0 355 6 1 1 1 14 2 3 1 43 1 9 1 5
0 366 2 1 6 2 1 1 8 1 17 1 16
0 367 8 1 3 3 6 1 3
0 408 6 1 3 1 25 1 20 2 3
0 410 5 2 3
0 411 4 1 8 1 3 1 7 1 2 1 17 1 1 2 7 1 16 1 15 1 1
0 419 2 1 39 2 4
0 433 1 4 2
0 434 3 1 5
0 441 31 1 14 1 6 1 11
0 442 23 2 9 1 23 1 25
0 450 9 1 2 1 5 1 8
0 469 2 2 8 1 11 1 16 1 8 1 3 2 4 2 6 2 12 2 7 4 1 2 1 1 2
0 479 6 2 3 1 2
0 485 2
0 508 3 1 1 2 14 3 9 3 20 5 22
0 509 6 1 11
0 525 3 1 2 2 28
0 526 4 1 1 1 11
0 545 5 2 1 3 6
0 605 20 1 5 1 4 1 2 1 17 3 2 2 15 1 6
0 609 10 1 14 1 2 4 14 1 18 1 4 1 17 3 6 4 1
0 625 21 1 3 1 15
0 643 6 1 6 2 39 1 32 1 1
0 673 2 1 8 1 10 2 2
0 679 1 2 1 1 38 1 7 2 6 2 9
0 686 3
0 731 22
0 742 3 1 9 1 1 3 1 1 3 2 2 2 5 2 8 1 11
0 758 6
0 761 9 3 16 1 11 1 11 1 3
0 766 3 4 34 1 11
0 768 7
0 801 9 2 15 1 9
0 823 36
0 829 2 1 8 1 6
0 847 13 1 23 2 3 4 7 1 17
0 863 13 4 2 4 12 1 1 1 16
0 878 6 1 6
0 883 1 1 13 2 30 2 2
0 888 4 2 19 1 1 1 13 4 11 1 5 1 14 2 10 1 3 2 6 3 1
0 908 3 1 8
0 914 29 2 4
0 920 7 2 31 1 6 2 7 2 7 1 19
0 966 5 1 27 3 4 2 13 1 17 1 5 1 20 1 1
0 972 16 2 2 1 18
0 979 21 1 21
0 990 9 1 5
0 1006 11 1 13 2 29 1 2
0 1009 41 2 14 2 15 7 4 1 23 2 11
0 1022 9 1 1 1 5 3 3 1 17 4 1 2 21 4 3
0 1054 5 1 23 1 12 1 24 2 6 1 3 3 9
0 1061 1 1 4 1 5
0 1062 1 1 3 2 30 1 3 1 3 2 1
0 1083 1 1 1 1 18 1 10 1 7
0 1102 11
0 1150 5
0 1152 2
0 1179 4 1 1 2 7
0 1194 2 1 20 3 46 2 17
0 1197 14 2 9 1 11 1 6 2 4 1 11 3 8 2 12 1 14
0 1203 10 1 1 2 21
0 1213 14 1 3
0 1233 10 1 18 2 31 1 2 1 10 2 9 1 3 2 19 1 13 1 1
0 1236 17 5 32 1 1 2 9 1 5 1 18
0 1257 3 2 24 1 23 1 2 1 16 1 13 1 6 1 13
0 1261 5 3 5
0 1271 20 1 3 2 20 1 3 2 6 1 4
0 1277 7 1 6 2 7 2 12 2 16 1 1
